1:
30878
2647871
1283744
2488120
317050
1904905
1989766
14756
1027056
1149588
1394012
1406595
2529547
1682104
2625019
2603381
1774623
470861
712610
1772839
1059319
2380848
548064
10:
1952305
1531863
1000:
2326571
977808
1010534
1861759
79755
98259
1960212
97460
2623506
2409123
1959111
809597
2251189
537705
929584
506737
708895
1900790
2553920
1196779
2411446
1002296
1580442
100291
433455
2368043
906984
10000:
200206
523108
10001:
262828
2609496
1474804
831991
267142
2305771
220050
1959883
27822
2570808
90355
2417258
264764
143866
766895
714089
2350428
10002:
1450941
1213181
308502
2581993
10003:
1515111
10004:
1737087
1270334
1262711
1903515
2140798
2479158
2161335
2099522
1291600
2198877
2214717
1936582
84804
1257912
1263375
735147
1186407
350806
1141242
638738
590598
1704823
2238464
273497
2499539
2543444
119309
2540335
129495
956464
1648424
10005:
254775
1892654
469365
793736
926698
10006:
1093333
1982605
1534853
1632583
10007:
1204847
2160216
248206
835054
1064667
2419805
2084848
671106
2087887
1340891
1917538
2018945
2520477
10008:
1813636
2048630
930946
1492860
1687570
1122917
1885441
10009:
1927533
1789102
2263612
964421
701514
2120902
1001:
1050889
67976
1025642
624334
239718
549109
143504
584301
437680
2434971
400819
1841130
1926199
805709
545109
662875
74408
529725
1786012
2382523
1358422
780049
1894639
1014799
2176030
286045
1381947
386254
224172
404085
2005305
1956315
2580275
2110738
1525405
2187027
1995906
2133433
2097983
884805
2083077
1642134
2550380
2559056
1080407
1455000
498315
2464251
1149181
2117376
1368543
1216717
1727516
1771413
2326782
2423679
1198786
1042938
2640911
328713
2591056
256030
1363889
2615076
52736
1359594
1385396
2414993
1274754
715115
795536
1991455
1107351
1451770
1433190
1769644
875020
2456714
906813
837457
672807
1863197
2585014
666419
1849372
1308814
2344636
755775
768710
2334860
468090
1996056
1603215
274970
1060880
721144
1381762
1589154
2033841
1372601
2339869
41031
655047
916708
1924771
1686092
1552908
329102
1181907
1762077
1583835
773994
25452
321005
1369500
2429351
396491
1745676
2204817
2624938
491487
1298591
77828
1047191
2642897
2494183
1337506
1802655
126058
940778
1988427
1720476
1947287
31062
10010:
1462925
52050
650466
1813166
2224061
815731
154626
531384
696688
1088633
639327
59938
1856669
2034703
1060588
2475682
1075860
1633365
681503
186927
2374977
2113696
1677862
10011:
1624701
2646826
10012:
2445069
1483604
418164
2491070
1485175
1043648
1913770
2560523
2416960
161063
56741
2301550
1275794
10013:
2503691
1222878
843201
2271154
1346139
124014
1501028
2201453
225422
222553
1521657
295833
10616
512945
844777
973206
2246803
395087
2360499
1153049
1846387
1454544
1018789
914602
1321443
1150421
2045002
1379641
178089
291407
2229322
2177405
105997
2346736
1729494
472225
1233535
1529676
1414279
461311
1715286
1714052
649457
451510
494014
1544885
110412
1894679
1006623
467438
776931
952735
221590
348279
1911099
1923760
397753
10014:
1626179
1359761
430376
723484
839609
10015:
975179
829739
1732761
2162539
933118
467156
164480
613439
1312973
1769664
2477285
484575
2602717
1320821
1236649
705793
1395812
2056853
770517
1514136
988835
1172474
1213571
1801332
1623337
588400
2378764
2405069
10016:
1751359
234929
1759349
1604433
1003759
10017:
2280428
1129341
1377724
10018:
305767
2316945
2173031
676747
354053
2119257
2282361
1670793
1960248
73918
1516345
1236649
1403470
913554
647979
404170
2487526
502190
801510
2126132
1652905
828150
1634975
324441
1569186
905901
1435115
1140656
423065
178629
10019:
22036
1126085
487154
261890
204512
2350988
943653
1725053
1967016
2042897
513351
467597
475394
610785
1191387
2597191
289045
1466477
1970876
1259566
2049251
2535358
1041111
67095
1989902
1796655
1772740
2356037
884657
1367415
1394476
1137339
658929
518974
1568346
371346
1207852
719156
1151159
1882122
1340177
306688
2455675
1750548
2145783
1191324
389917
505579
814902
245527
1462807
459444
1591721
1214125
398395
2093048
1933736
1274113
1994982
258371
378543
1703266
2250647
2085688
2391227
2380848
1116868
2157768
1306541
1002:
2174660
1685301
2030264
1419286
2520929
2035568
1288929
1680156
1858104
988266
2633719
156594
1384253
1417842
10020:
922636
1967058
1949297
1562927
2138373
431122
1077653
167248
776126
722639
2341725
1252652
251807
1751559
2398282
705246
47787
1064752
2308022
2414321
945481
1854443
2035232
951643
2381070
1011906
908968
10021:
2366406
1033592
249998
1205724
10022:
510391
268014
2511719
661571
1824779
2178013
2104013
1829777
10023:
1429287
1321374
2563028
679315
1363076
982889
2107604
2286495
1756370
2317624
2548120
10024:
2059382
1210053
1654205
2027932
311377
2161379
1611053
516686
2529292
2248946
10025:
1791064
10027:
401511
2354884
1951605
1609548
2620148
37748
2414149
748800
1050405
408479
2361485
97178
329172
307876
812384
1619494
978638
825069
2472069
1837559
1549473
163607
932638
2106623
2611092
2602187
2310492
916375
1591556
2389108
1422109
764479
1945345
2308597
2092389
2505218
1973874
174668
672519
2568396
2015359
2228062
202876
2163080
2422758
536155
1179516
1503954
1967313
2577872
2327767
1169517
2269919
1608374
425537
1658682
669364
2057570
564258
1744450
527270
1656050
2420503
767061
1200899
712624
1955071
347886
1229916
1825013
402519
523629
58130
1155332
685923
2605052
865625
919670
1606382
1637481
644233
2011133
2055639
1766599
2032781
2609268
1561126
572440
10028:
1986255
1312610
1527666
1606775
1649392
1522640
440956
10029:
2293890
1141552
1823836
2551226
5215:
2092076
583284
1922449
2417900
416976
2224049
2043215
34892
5216:
2402994
1942557
580401
648476
465423
168318
2308660
2502112
2143500
174239
5217:
1335063
1699232
907021
1307981
2520088
18525
2118126
907168
2280785
444696
1445617
1775587
5218:
2133447
1852040
5219:
770059
522:
1397843
1835727
2384116
1756183
2158089
5220:
2403300
340371
2564329
2559865
2165945
28544
2509542
69520
2077023
2406958
637064
686974
1379106
816921
330974
1426427
1388006
712363
1789804
2523252
2564866
1429708
2574126
1903961
2434890
2194575
1209161
1508841
145965
2638388
570858
405268
88571
2470730
1359255
2358238
1774053
827235
532057
1635449
5221:
1199561
247915
663359
2241980
71992
2061821
1381865
1502595
250782
5222:
1555323
2309434
1489018
617351
1048209
1310425
1019552
2163438
5223:
1118807
413350
1443246
205345
1416860
1719085
1819543
460841
395597
2056843
945498
599775
302645
2165658
2640989
1740093
179951
617585
190722
317960
918303
1475256
643527
1455644
2395117
429376
976905
43030
830652
1474848
802598
662532
1799444
2008549
146589
1206489
527225
1823637
1543702
1904887
672583
2592033
1132696
2197984
1311436
137293
811346
1966506
1717452
1027776
486778
1464471
2195478
1731636
177581
1273677
805077
1497781
1765230
1791380
150687
1672450
582670
1824389
2365770
1819955
102351
110060
1632784
1443537
1407849
1591477
549047
1408584
746030
342420
787994
777618
2616030
2110939
1737455
1909086
1294773
2035212
682691
2322186
1503393
34458
1419909
2538999
951636
1821640
45818
2216247
359721
1257734
1905833
2544624
1337120
1802386
2209429
1934628
1790513
1377842
258666
203999
1419611
1793566
2404571
2368562
2231361
1747244
2132285
71393
1410530
447039
342854
2122519
2229490
743052
1073119
2235113
1072371
973069
442761
2012015
2630117
1514668
1524789
988673
1995012
1244228
1185075
729769
2306821
808227
63917
1483808
746654
1426454
2593056
1458900
1614673
1670770
592563
300395
1054426
1853369
1520461
426356
258796
2568821
1453871
2099634
2038623
132537
986663
1872949
1699936
2352946
1180830
310825
1712309
1792913
2209788
38216
712426
866695
784992
412001
49582
2263046
1540779
2534085
1248984
1699499
617660
1691583
1584769
2547950
563054
469385
396914
905246
475048
1882949
1620154
2529394
955953
413945
1479841
2556850
778366
1673880
2643454
968595
17699
1484069
483901
842670
298244
1009229
2302791
41075
788108
1930277
425664
353477
2382852
1898690
1169793
1831791
497078
501174
14420
126755
1740691
2596989
2040663
2515923
71032
1009154
2118150
445216
48747
197839
209207
475717
71692
995136
225226
1853189
2255285
2156222
935487
1474302
299273
2616607
219689
1076952
820893
2219639
2354403
1171902
781473
2219834
2516791
1117925
2143698
729927
204699
2315880
1321413
1008720
1058549
1310234
32057
2494785
533341
2572380
1197415
645921
820743
490828
489503
312127
584646
370052
822590
263726
793854
246072
1218163
588852
1139610
2060674
572584
2046654
2387877
1671751
2522259
1271878
576552
2398471
2514053
945283
1025734
1676914
2237065
1713902
1892354
2135663
432607
633444
2310278
1008311
86998
831305
2329801
799003
1776468
1366423
2396007
1820629
1098857
233531
804157
888800