2103:
574582
1730185
145914
1575559
384822
522813
1134418
2216724
633481
2257670
1053897
2466156
1687759
1783430
1478274
1709089
1737715
354738
2283702
548090
1851603
155793
292205
1365516
328779
2292149
381901
1380478
250943
3900
508468
182686
46596
2052142
1260508
1852770
1973561
586404
1092259
1908727
1645069
2590663
1454856
1798186
2144292
2023659
362288
1966113
2320465
824980
2021209
2529637
2401155
327306
1154140
1715930
1055334
411335
847849
662309
1037535
1692069
606024
2536206
807389
1170144
552765
2097828
1481263
1408974
46903
750042
1714546
1519726
2111196
643296
1111090
2558888
1842694
2184520
512598
2300056
2161595
2311851
145654
2287127
1375301
2001775
1537569
490668
670407
1125927
1237949
611203
2148510
820350
2566592
818897
117728
8432:
1521379
2387214
1746123
682217
593961
68078
531953
554438
2208694
685929
544584
1025283
1245415
1050912
1507113
875486
1948527
2135531
1724242
274379
1577058
2105004
1027142
844570
366379
374340
2642552
1454753
408830
1394217
1172954
1190383
1790681
13709:
263097
2234397
1470876
195761
1759756
1380989
263885
1286950
13496:
617782
1977620
1248598
2530795
52460
2273396
2564546
1974260
440236
7402
209207
1953630
1490475
10333:
1388664
2605762
951798
740929
672566
2280153
589124
503042
5577:
1422829
1750434
1918085
1353760
1849945
1696335
1292217
1708737
843570
982060
256573
2563997
1387844
1004682
342103
1208082
2438737
611215
87872
1011874
954289
1334149
350642
1193242
1797880
2505165
1812892
786801
975062
1082341
2335258
2441155
893789
733199
1590026
2585496
668304
418992
1747766
35349
1873780
2390387
1598222
843148
715675
503966
1030204
168571
121593
921924
851525
856835
1551031
1430585
1014116
2213342
2281345
2500433
1386531
1710277
765272
1888032
1175341
1958504
326328
1358724
638932
1158481
324530
2335441
1694424
2353588
147768
34756
2129231
2363928
562644
2328890
991736
1915986
1457266
761938
1169824
2536739
2470553
266147
838399
744327
1682662
488604
1984358
1803564
578557
169090
2313453
598194
687113
938555
2592953
2402624
866984
266474
13283:
1631273
1970726
2468762
163569
507130
1101215
798905
2192119
1676529
15422:
1082602
1022497
1263480
2610916
950498
880635
464328
1033732
2883:
1213587
1515326
213282
195203
838366
993299
123836
5505:
566016
4922:
2399912
992377
1466724
439093
661981
284868
724421
11921:
2056074
1951035
563681
1777957
398786
75673
663190
9875:
2477028
2628784
1974221
1008786
1003288
2337072
293880
1067883
274702
1069612
2527935
41569
1681186
2445792
2350005
1262198
396046
105195
260080
1884721
1116165
1947421
1939081
2013113
2022711
1122509
1920334
665358
408037
2084479
1666474
1678711
1969635
2502188
352838
2550471
1000535
1642092
10071:
2278157
2608100
653321
461910
2509839
993168
347785
199585
968059
2469183
703853
945346
2199353
210214
2409797
314571
1816577
2284829
846392
1283406
2065735
9262:
216290
940264
1448459
9747:
1483947
2216413
889305
558039
1030520
444983
2520779
970936
754344
581027
1915950
2560273
54450
2363160
468908
8981
2622694
1451907
994498
234284
1230591
1239440
970222
1820781
1662714
2085230
1395692
404199
1494162
1124971
1913615
973691
2044333
1604904
1596348
1592927
225422
2642141
1573429
2020507
728821
964228
1517617
1413152
296969
2031057
880077
225902
1353824
1788855
1271273
202101
236887
1501567
567725
1593373
700844
108457
1890832
1614682
2632269
463751
443521
563977
815271
1699043
154906
1253501
404002
1527472
2260145
512127
198179
1223146
520455
1592845
2185333
262115
512438
910244
727339
1990783
1656415
1827714
172131
2074501
2579563
1882309
2181039
988788
1942622
678449
2232393
2059141
1256636
1835997
1020569
837658
2469416
166038
1763521
2055394
57727
829447
603657
2468714
2379129
1170278
1765674
957071
181524
2248972
2103628
816996
1118457
1223853
817744
264774
1616325
747550
1415959
1266486
2369588
2081351
2103006
2098354
2460450
1558180
2589739
615650
1151327
2596574
643296
2292074
474944
870184
180243
1784534
1004748
239793
42439
707331
1490295
1258393
884150
1124942
982804
229114
2103913
2326032
1415232
1015473
2419975
1394217
371250
991005
1044523
1265511
682894
1862581
1233297
2002452
1526482
1656529
1981425
1936495
1510029
2293480
1058930
1451558
343481
756924
2435544
1881380
1394346
2598000
1200299
1167101
1748552
216630
2625496
827:
1348778
3403:
2528635
1456729
1336860
2341864
792488
2556099
1812498
200923
106109
2188212
2084013
1038072
628905
1446994
1848780
2273244
198515
600982
1979421
2104991
2617183
584615
1630947
1158276
1736933
1133370
897881
1495691
1329886
2556028
934426
174859
2387637
417907
2355326
839909
1605801
129473
363989
2551848
421243
267332
924169
1431808
276500
4306
2456141
1230502
2435460
1724632
1879130
519594
738670
955477
315981
1792175
1357832
9349:
813116
2248258
864166
415478
2587990
207347
14735:
1224344
2186968
2627536
1937857
1811217
2638189
2046421
1780105
391647
1421819
203745
2143348
965807
380149
1785516
733534
1719118
2234994
2249123
1483807
1756185
8895
164942
961066
2110064
1514745
1141071
241360
354:
1562920
241231
1678066
2415052
2037326
1738203
1338345
16956:
2466146
176067
2109302
2164824
2258818
577363
1374112
323080
1715995
150276
2213237
1443551
1294335
2408131
1836127
2390011
1429042
8476:
1729780
2456770
1301785
604363
1667807
15384:
1937323
1189488
541756
831747
468213
2396898
1079951
2295400
2018957
737639
534349
1280128
1941492
1968937
732664
472058
10596:
21820
385636
1480178
316973
865621
314110
2047145
33891
1189304
687967
756279
527636
757593
982091
2195599
2469211
1721677
200712
1552257
2088859
2239590
2510270
1941816
2593682
1079410
568340
2470526
1211697
1554419
1227374
2434090
1745278
1681470
2281465
2529672
1304765
1728631
1707335
1693804
903773
1917787
2363377
2482188
480428
787800
228931
2512697
1637014
1266168
2361071
1946410
495674
476117
2021290
532464
1371729
572977
1752464
2586124
2073563
1706669
275912
1449435
1952776
2221218
238339
1143230
846832
307926
29741
7680:
1208823
1292162
73608
1930775
8158:
326587
951446
1939558
2487973
1942464
7094:
582662
1751134
1380338
515403
9039:
1271750
1080248
262068
1186135
341032
2443343
1179266
966529
2422806
650915
107:
1287459
1105489
120405
1105604
2445621
1608936
493226
837756
23304
2659:
732381
1637778
1715477
2280249
2355258
2564274
1923190
6401
2196092
2410538
2186273
1177921
8160
849923
427266
499922
1257035
1328396
1940026
8501:
1867278
750815
1396339
5753:
1396261
1974231
14934:
2383610
2205089
16612:
1579045
2084533
608051
2311031
1314319
12753:
1987956
1728051
1544216
11002:
2319177
619733
265904
1205634
2428160
331583
1578512
2630923
8431
3627:
1318155
5435:
116299
391706
1275088
1948125
2552515
276539
2452476
458685
2600866
1026373
1061809
1552165
2345249
1850532
625128
2080228
184411
2482881
1546809
414482
1116299
2077917
29204
421217
2602083
1519148
137546
1047492
619690
101408
2248596
1544785
1270611
1585366
1726223
485181
9147:
1849260
576901
636465
508942
284080
1119220
1219027
2350379
1960207
2498800
970684
517214
1891613
1916463
1981940
5035:
1148143
1348148
2509882
1092334
2402822
1179115
1749238
627927
349572
1716429
604834
64176
1459111
819076
136199
412593
1857354
2048158
553202
2234753
2328504
808609
1545903
1738532
427948
300372
1919400
1088122
870615
392650
1009089
312039
258675
554041
2288997
619541
2257261
701793
401293
857406
2393657
2374756
1285755
303845
2427720
52138
1220726
2058902
491256
2383895
618946
1392425
491305
983998
1112580
1269656
1456618
622945
1043396
1156951
21128
1852984
1281707
68669
236997
2107002
2644268
1176730
113535
907089
1193599
1362341
1999569
1142912
2124470
2433653
1130233
1441961
2020235
2392339
1558667
1997548
1056778
2356408
124984
294527
1169575
3951:
804067
344549
1251:
1690421
488065
581908
769165
1434064
285400
1941872
607080
507617
1556617
4242:
1103114
1359190
1244410
413385
141540
323583
183391
1945497
8214:
271312
1908626
1031777
1679550
1048382
744681
2787:
433268
733849
224246
539017
992551
626699
895173
2211187
302336
1804207
1576440
189532
569129
1627513
1501175
2421376
1186777
1312631
2074901
877740
2319470
2333918
1505132
318484
265808
573974
380256
2349571
1989733
374504
140153
2084200
2527246
7757:
1443524
169485
543567
1273525
1553742
1674224
2172766
2346447
2395695
1388057
2399434
895155
669071
1662598
2059028
2129505
851866
1388523
2486076
658356
1673138
2115731
912579
1359616
656381
2061329
2631256
686427
631659
2377407
1561560
358062
2404972
2056199
1858484
160941
125722
2115139
1446369
2147969
2280428
1817397
1177641
2276050
595829
686146
238640
598513
2401603
2162603
2369862
1730367
1928755
455539
2359836
2440653
202414
1459527
1850034
2211674
894575
1336623
920168
1830987
2066326
78194
1768690
995934
824274
83874
74059
1074644
275178
2056631
1813135
335229
2185482
1045757
1398925
2254303
382070
1801097
857674
1783960
178954
761245
1027507
727027
1553615
647941
310616
1028151
672988
294145
995430
80835
1401236
240457
221988
1479082
411860
1337583
1068639
2232808
1446581
954382
1908118
1469127
1726918
2274712
718200
2000812
1037164
128968
2636791
1451565
1058560
956368
1516396
7421:
1459122
859476
823164
45393
428427
29737
522612
603837
667438
558303
1835645
1089125
1754267
922088
2608006
1560033
1329642
25309
2167460
1026681
1289818
17500:
1119513
750898
970776
1348897
1813897
1673962
1739485
1722867
