10:
1952305
1531863
1000:
2326571
977808
1010534
1861759
79755
98259
1960212
97460
2623506
2409123
1959111
809597
2251189
537705
929584
506737
708895
1900790
2553920
1196779
2411446
1002296
1580442
10010:
1462925
52050
650466
1813166
2224061
815731
154626
531384
696688
1088633
639327
59938
1856669
2034703
1060588
2475682
1075860
1633365
681503
186927
2374977
2113696
1677862
10011:
1624701
2646826
10012:
2445069
1483604
418164
2491070
1485175
1043648
1913770
2560523
2416960
161063
56741
2301550
1275794
10013:
2503691
1222878
843201
2271154
1346139
10022:
510391
268014
2511719
661571
1824779
2178013
2104013
1829777
10023:
1429287
1321374
2563028
679315
1363076
982889
2107604
2286495
1756370
2317624
2548120
10024:
2059382
1210053
1654205
2027932
311377
2161379
1611053
516686
2529292
2248946
10025:
1791064
10027:
401511
10032:
2329101
569745
640080
177766
1949239
624145
709091
2104131
688765
1390809
336400
1268066
470044
1791554
1920755
2317575
2488926
1212320
996425
123345
799400
824189
650940
1573281
910244
1547411
2222535
2458016
83110
1274574
1587304
2214218
677039
1903221
1879733
662218
1563172
1724551
775034
884907
2174325
739713
1169824
61009
319516
750365
1819621
10033:
1989027
1227591
1810636
1335621
1001590
1207661
1401075
2403799
791223
10037:
253214
612895
769764
396150
2555464
1988133
560277
1839686
2569369
1845071
1627613
948108
1316833
911710
10038:
885147
1144499
1411630
10042:
86062
449288
1200637
826793
358207
2478232
1652074
738504
2349053
1359901
1936779
501007
640618
2075263
618643
1852416
2588589
1561
433300
1824896
927805
1302047
799952
1628424
42498
442949
214174
592214
821426
1928744
1583895
2222492
2289165
1693660
1177074
1857643
780937
763194
18335
1207292
864349
1848920
1663166
1073838
1729740
2184817
435239
1586124
367549
1504619
10042:
86062
449288
1200637
826793
358207
2478232
1652074
738504
2349053
1359901
1936779
501007
640618
2075263
618643
1852416
2588589
1561
433300
1824896
927805
1302047
799952
1628424
42498
442949
214174
592214
821426
1928744
1583895
2222492
2289165
1693660
1177074
1857643
780937
763194
18335
1207292
864349
1848920
1663166
1073838
1729740
2184817
435239
1586124
367549
1504619
10044:
1443524
2179335
1641999
1084367
414171
1618140
2562136
2502874
2625427
2604177
1286332
136596
1643730
2605544
830051
2241622
421029
2202698
2053887
2399246
1453293
939013
182269
1213190
386568
1000554
123376
351076
2555414
10062:
1084001
995737
10063:
2646124
1059193
2498639
2232100
846288
1891279
326040
2220804
1147138
477002
278598
1085817
1989258
1227162
10064:
66853
2242375
867948
10065:
2644587
1866984
311779
1022903
2245995
2030254
443483
10073:
855860
770122
2027058
166603
2524705
1027050
1842060
99477
1754430
1128682
2077354
569739
1064540
844651
285476
1762872
1566161
10074:
2008983
879596
165823
1606342
1152053
1056823
1810386
2236080
1520576
210601
343906
2265491
1443203
2022092
2535562
10079:
917805
999532
2154688
399926
200206
210481
257648
1352799
44620
225449
1633162
2222433
1287249
539110
104258
2050996
1072799
1184502
1631358
1612760
2117566
1008:
32950
2518523
1733072
1619646
2620565
574670
124611
1968788
1791274
127088
355479
2397671
1014716
294890
1631646
489973
1827918
1955755
1691141
1245082
2020320
264360
336778
1468951
2567695
1296980
2387637
1027103
799650
2059956
1301605
1087747
1089037
2488249
10081:
252944
1253220
1376599
298750
2408948
365261
2542796
10082:
67679
2105693
1484526
2032893
1088027
2015749
1137317
830280
1241315
198422
643328
1293235
466806
382161
419321
216007
1250282
1340743
2304761
1673125
1580477
918917
2288573
1817656
2469232
2030080
353168
2369595
604571
201208
1354635
285477
242417
1756727
391409
1654268
1358071
2418164
2167413
337217
1594978
1998673
1593823
2340881
392878
1471629
10084:
405427
1756658
872398
2271220
166456
1415218
8336
236368
1422520
1072752
643292
2188435
336674
1260180
136807
1407851
752731
345191
745565
2152889
1226029
1755011
897881
63053
644558
1764459
227494
1575511
1245452
10085:
703763
940556
2337151
2392090
1124270
1591560
54355
2220597
449440
40391
10086:
959126
2219036
10087:
375337
1049398
94719
157954
1480539
22133
1990078
162756
49355
2508097
2316429
605405
2379439
87909
431566
690000
10088:
1308505
1563881
158563
1048939
527634
2631668
1888501
1714428
1087650
109659
992679
1789926
415955
2326499
1113228
1628738
1913235
1472878
1050731
997332
10089:
662823
1693997
1985602
2345955
1205751
1009:
771276
10090:
546726
1586837
332198
1379079
957953
1819779
1157016
2606628
571514
153301
1903095
2258395
642625
675374
874634
668240
916421
1205750
2202570
389498
360295
898519
1253426
1125189
744441
1679271
10095:
880039
979
1146509
1041412
62801
1983493
1647549
2208807
2488843
1577198
277858
2195610
1859163
2638666
1148126
675639
2311676
925061
2300816
254766
533445
2563776
2258425
833293
1708093
2079622
1351211
370263
151192
2351930
2190231
10101:
74841
380135
2092613
546941
2618683
1141923
395826
2160684
2255687
2388691
293374
1804140
1797672
1301746
1149299
793082
1331438
1767864
1875936
671801
305901
2497410
2349409
1486735
489119
468193
1176502
886345
10102:
368343
1331469
1971789
2399471
2051508
845683
1447132
2570852
2188435
211898
1744378
94134
2646238
778170
1923198
1748432
1561564
1354048
446310
449655
10103:
1590111
654502
873881
1320926
474648
1952473
2029890
10113:
2069116
1473357
75882
2054733
386373
459053
501173
10114:
44317
320814
2098867
326981
2184469
101930
862854
1128254
114753
1519729
1117215
552183
1941914
633998
733106
2210298
61863
305969
89601
2007489
970031
102345
1077894
198693
1204074
2605440
2034374
1073138
2491630
483303
565860
2495342
37588
1145770
756797
1451702
854420
658784
1746869
1702541
2001128
762885
10116:
706338
2522445
1969563
200215
1409864
758639
758318
1100638
2295885
1487845
30652
10117:
454849
1204904
776260
922615
1277457
2181970
1506293
873637
2262753
2310236
1694188
776536
2370765
2586014
1346236
1008264
46922
1070528
48876
2063888
239662
914678
1017525
2202279
859359
1594618
1462096
573068
1089008
93850
759273
1327129
1628483
354723
2400246
382742
2309573
1591072
917722
408406
14817
416932
594505
74183
10120:
276210
1545957
2357046
211108
2388007
10121:
1938835
2584094
2056844
1761707
2590532
2196865
1068659
26750
1079045
690334
865387
1794755
2333491
189725
2625468
2290578
1851975
1400923
1167991
32057
2327149
2301114
1794701
1129884
10122:
749532
826184
1817678
1038642
1838848
10123:
2325249
1437364
1719889
1650908
621593
2396721
1991783
361552
1763387
46705
1229665
853945
1773296
570559
2563089
1031836
858739
2155724
502329
1822079
10124:
256860
114018
1189991
1814005
235095
2605503
1311185
1147039
553063
1316762
1287017
1407723
2020781
1114962
709085
277631
1393438
1658437
2477638
2098983
2066808
19917
10125:
734545
2605498
454233
2113480
332175
1234558
337752
2114321
1720671
644151
1947062
1168739
2203612
6799
1716156
734219
809174
939310
2056429
32261
2446807
1149299
971420
319513
2414585
793025
2375950
176387
2007959
624191
141920
10131:
529624
2087478
177642
819546
1658101
548935
2600777
1823798
2228661
526193
10132:
666416
2566190
1642019
2100210
87185
2066443
1060432
187834
1091085
2647490
2304924
2465843
361226
1280149
2078245
1249790
51717
384821
1387120
823490
101011
699827
211377
2444174
802623
2383798
2093947
1508797
947403
958716
2219917
10133:
681703
1013970
59052
2108085
952423
657997
2046538
87817
1298051
10134:
373243
1262679
10142:
1443077
1508325
1680622
1379773
185762
2510662
319398
205005
2019879
1460768
1922861
2101393
2235523
2383711
812008
1756098
1805495
390843
296454
684725
1098655
160517
1423541
232101
10143:
51762
2174260
652869
1293661
1188085
1277858
1410931
766766
2647856
2065639
593892
314526
124638
489352
374663
443091
2109300
1746
2278057
2502889
1433987
1355058
435986
1823239
726884
555326
2322950
1038251