1002:
2174660
1685301
2030264
1419286
2520929
2035568
1288929
1680156
1858104
988266
2633719
156594
1384253
1417842
10020:
922636
1967058
1949297
1562927
2138373
431122
1077653
167248
776126
722639
2341725
1252652
251807
1751559
2398282
705246
47787
1064752
2308022
2414321
945481
1854443
2035232
951643
2381070
1011906
908968
10021:
2366406
1033592
249998
1205724
10022:
510391
268014
2511719
661571
1824779
2178013
2104013
1829777
10023:
1429287
1321374
2563028
679315
1363076
982889
2107604
2286495
1756370
2317624
2548120
10024:
2059382
1210053
1654205
2027932
311377
2161379
1611053
516686
2529292
2248946
10025:
1791064
10027:
401511
2354884
1951605
1609548
2620148
37748
2414149
748800
1050405
408479
2361485
97178
329172
307876
812384
1619494
978638
825069
2472069
1837559
1549473
163607
932638
2106623
2611092
2602187
2310492
916375
1591556
2389108
1422109
764479
1945345
2308597
2092389
2505218
1973874
174668
672519
2568396
2015359
2228062
202876
2163080
2422758
536155
1179516
1503954
1967313
2577872
2327767
1169517
2269919
1608374
425537
1658682
669364
2057570
564258
1744450
527270
1656050
2420503
767061
1200899
712624
1955071
347886
1229916
1825013
402519
523629
58130
1155332
685923
2605052
865625
919670
1606382
1637481
644233
2011133
2055639
1766599
2032781
2609268
1561126
572440
10028:
1986255
1312610
1527666
1606775
1649392
1522640
440956
10029:
2293890
1141552
1823836
2551226
10031:
548690
2518265
1575474
2203195
1578801
2614194
1224756
2157060
1528644
10032:
2329101
569745
640080
177766
1949239
624145
709091
2104131
688765
1390809
336400
1268066
470044
1791554
1920755
2317575
2488926
1212320
996425
123345
799400
824189
650940
1573281
910244
1547411
2222535
2458016
83110
1274574
1587304
2214218
677039
1903221
1879733
662218
1563172
1724551
775034
884907
2174325
739713
1169824
61009
319516
750365
1819621
10033:
1989027
1227591
1810636
1335621
1001590
1207661
1401075
2403799
791223
639727
1957988
1762834
1381789
334033
10034:
2107088
69088
10035:
1651047
811486
2112205
2070135
2148631
2212430
822400
49255
801884
1303306
2268521
929407
2172403
282064
1985000
88318
1408280
2440091
1813810
1727192
10036:
2105693
842613
2557615
2125051
397569
2636037
2063030
2159553
1531624
437680
2091752
10071
472432
215393
1324372
2619107
1904442
646572
1970420
2461533
1880905
2030429
1845130
1521902
2161
2134637
417734
1010725
1261548
2316498
2494106
1082992
2541752
1317259
42211
2214676
1554836
234405
41897
2536262
2240178
1097048
2124584
671935
1677871
1223288
2192915
2068878
426137
696122
455707
1714077
333914
707412
9450
1390002
970271
1873549
2494920
32361
556369
504989
1030812
2350832
2401396
2207277
2035729
2646867
1154500
1132428
558523
8580
22964
1595703
1995943
2023361
2437646
2303816
336016
2224280
2438187
2465683
845006
1934299
2021702
725549
2031681
1441351
259822
812240
1723408
1994101
1184088
511569
2008955
576406
1371204
33130
1125370
706530
1511155
1787860
8129
2026150
1190492
1581139
1522922
2598077
1647159
2354598
997168
1008576
2046106
1466613
109154
2257846
2525634
1391499
2535303
1394196
1699044
857146
195153
52147
2398282
1715538
1981250
1585765
87273
1281611
1549677
355111
383108
180775
730570
1961276
1850833
228544
2344026
1841778
1372729
1801097
1197941
2006300
1227437
1438082
1109446
1956794
1791704
1914110
992576
264916
578055
782690
2383290
1544559
2179884
173760
747219
1782055
2646027
1984941
440949
924842
755689
1211291
2574257
2345522
220702
730768
2469669
1409483
713561
1994152
734075
1815129
1396608
1742906
1573284
2570733
171163
2090999
1636781
275039
2332819
174415
730375
218046
915942
875205
2418467
1384878
586402
2460085
1493212
54040
1445403
2067671
2186035
25266
260961
1451269
2213786
130601
1643234
1010065
1752442
123767
2063882
2178343
1722278
1449174
387679
76156
442546
10037:
253214
612895
769764
396150
2555464
1988133
560277
1839686
2569369
1845071
1627613
948108
1316833
911710
10038:
885147
1144499
1411630
1069925
836219
1417121
461985
1148007
10039:
102104
1004:
910485
1970126
1557423
2148643
1520624
1231161
1590435
1913414
1535671
2412109
1096854
1233953
225310
184574
2598077
1835453
1116907
1418549
118064
1000266
233338
348207
849925
350505
2563972
158703
1501401
721577
1809784
1891207
288998
10040:
2417853
1207062
2487973
10041:
869522
61343
1325876
1786012
2387403
1595112
505035
181533
786031
1695980
60322
1837857
1690337
1102436
47942
1772519
1383323
2087310
299599
2472289
2493763
1634482
506757
2448355
2626214
1099321
482812
1312680
1011503
1674011
803169
10042:
86062
449288
1200637
826793
358207
2478232
1652074
738504
2349053
1359901
1936779
501007
640618
2075263
618643
1852416
2588589
1561
433300
1824896
927805
1302047
799952
1628424
42498
442949
214174
592214
821426
1928744
1583895
2222492
2289165
1693660
1177074
1857643
780937
763194
18335
1207292
864349
1848920
1663166
1073838
1729740
2184817
435239
1586124
367549
1504619
2121851
1311522
1158233
1786012
1813345
1725691
235364
2011360
1219488
1304553
1081209
355734
1207654
1554383
1552853
918917
1361045
1349810
1678227
2147040
2000309
1993790
1117935
157714
1648860
1236919
1785115
1667218
1983122
2113817
1019547
826291
392760
277127
224519
2178014
1756743
966437
2426972
2410757
72630
415554
1421967
1330313
1588401
1101658
559674
2635311
1303129
2429347
825911
2365447
664298
1077278
1849693
1856770
1195825
1244852
1489868
1294368
977299
2582290
1681172
428062
602626
2603832
7766
2427774
1605305
392602
1408842
1546331
571530
658627
1411717
2060760
997695
1772203
136341
1255980
1406374
1244512
664419
1285139
1124097
183462
2158577
39518
123923
1115357
1950649
1055743
759913
2176148
1900271
2561288
1648015
1878820
2490806
2450398
340411
1829200
2420556
135158
2602447
510657
2568440
860456
2409399
2482520
1555238
2338393
2034961
2421856
2483895
1738659
1016514
648196
1464896
3521
1427855
2162416
480507
605806
1582589
2260949
126913
1462261
1501345
1818803
2531096
2162935
1249250
1165360
706887
1213808
1931370
2571652
936928
2465115
1293776
2063559
1594234
1521559
1302357
1929636
1570293
1236841
1645365
278603
1575191
1553813
793065
52189
365149
1287583
972752
2523359
1625264
1055810
1053673
2588945
317437
1819410
1933557
1624788
780973
1823605
2522864
582720
109760
2166670
2136527
2498038
1343496
208264
2228961
1743516
569551
2198877
2244219
1135675
1808448
1036933
1648727
1493909
763919
1377376
113283
2103203
350940
55480
573087
1863195
1268644
1818373
639330
2444942
1959768
402940
276644
2566670
1595082
618895
847600
1737562
2306124
2172898
2132469
2338966
312508
671859
2270326
1039740
411152
2249254
1492074
1023326
664256
2171578
1995060
1028345
578830
1082955
116977
1097029
1543693
2623937
931718
2524430
1116457
1838796
1661807
2166373
1519036
973661
551679
1039680
827712
417124
2346483
42318
1712565
1867253
818856
159934
1619493
2344760
1368605
355145
1598894
1486764
2304981
292258
1420468
2573652
2162543
429190
1818401
138064
1507820
1384977
1882731
823838
96722
2174770
533720
1248655
245303
1392109
2224280
2206144
2191211
1857745
2036644
1093116
348805
1252628
295633
222099
1585818
1846238
1891654
1371746
2126325
1874942
2088365
473956
2352245
1084427
2621148
118538
1756093
2090086
1538823
2639268
2287172
1683784
1529511
1149851
1381957
1316391
2176281
1968900
22601
2448196
1442411
1926334
1298111
2575043
294682
2082092
710030
1070065
2075183
2644901
312211
2340041
2426516
2049285
786420
2354891
1582028
2391518
1691088
1842969
1992363
739018
1700387
2138553
2562504
896747
1965448
2414774
774877
1862369
256499
1526753
1322407
493407
181582
1349128
66894
1915074
10044
2246937
372787
1095830
997960
1913378
1166011
2458049
1441831
2164887
2621082
1382836
162753
800145
508727
1937981
222333
1624040
1310028
745039
2166473
1111762
1006456
2378211
1663338
2428228
1860465
637958
1443724
2519453
435157
1597816
2266623
732802
2207228
2320873
914857
822956
1869720
19534
601966
2016115
2056799
954656
2484300
1221673
1154815
1233495
2174615
1152899
1329179
994894
1746493
1504708
2610750
1387120
2506300
2126942
427637
1531823
2609002
1941232
1860386
1693021
1227734
2583938
1647980
1593278
2198713
1665375
350839
1605801
1019149
1576336
2373735
1739377
425953
1202106
133101
2328661
906985
624733
83805
2073663
2082786
2380160
1005584
319250
779887
1034379
1435637
460540
1145793
1457053
2517184
1783909
764659
177646
2109572
1460379
1822764
1126179
102451
306130
2481821
1650395
1595895
200147
989696
308798
2478700
874887
1057675
51049
1490653
1219200
2384176
580058
2465985
1894354
346750
1770017
748664
2608024
1838411
1472853
2436848
2310036
792857
555123
409621
389183
1747641
2508315
1825107
2386027
2319476
1229941
1929359
1889550
1270747
836219
587070
886780
632633
1991078
1121007
8169
389419
839344
2014151
1212380
1937443
1557284
1697504
537147
135015
575716
1825204
1113423
235666
622634
1964770
292526
745471
2329488
1210584
2328842
2089117
403322
1496394
2402345
896521
1882574
115631
2082102
2578535
946605
925050
868648
151106
882246
557729
2357555
2551673
365214
136368
2642466
989629
1182445
1450570
1276979
2013806
658685
2356480
817008
924727
8092
1047833
767017
604042
2644973
659730
1623969
1522395
2056003
2626093
2499841
767701
695747
101137
623868
597245
505651
844638
1633749
241785
2457361
2459146
2165664
2340925
33771
452955
1452581
1247427
2004273
258266
1013608
1501998
1094319
737036
2077649
1520122
1703700
2646469
2383161
1658366
1552674
1689524
318829
1384467
585344
2138445
545822
1331750
1966789
727461
1139081
1360249
528277
2044027
2253265
860927
117293
79447
187518
120454
1185359
2289046
1033612
702625
541917
2029954
723613
247386
2342652
1495389
2223771
2159398
323838
1947574
1667322
1206394
645655
2357186
2267376
1292687
2155386
2293172
670517
2547289
1118042
2342489
382105
1729693
987437
1209681
1652220
2022482
1702328
1353383
49943
2012677
1133449
1622444
68197
127851
2410691
622755
1243693
1575870
1019582
147701
2407792
2395730
285713
2239486
420500
1386369
514932
1313601
1049502
23803
2102387
2343253
830599
1354042
1817991
838656
1944008
1083261
2430768
1241598
770598
2123985
1323857
1271387
1391737
2076144
376617
150344
485811
1892620
1438395
616247
879408
524762
75436
1660746
896185
1855318
1568122
1749501
1748093
2202995
47541
753618
2093714
2169244
1753788
2019369
2154522
909921
792199
2393691
622800
1749443
1063941
1055707
2433557
1012788
2394417
10043:
834820
852886
2204494
774717
1406050
2317868
202667
1728377
2048837
1103080
510319
2314914
2460018
969342
2596709
1267391
473246
2196025
13407
2057736
2488192
2389901
600986
1538160
2379921
1589215
725549
1992993
2511165
1767457
2498387
415150
625713
703872
799557
1001653
836253
1975605
1567145
99512
328303
627617
2541048
381361
19679
2273335
2335827
772801
618428
1186231
1876612
669032
944845
202018
2359108
2288808
291590
2448971
8061
1170683
1056747
1737686
142616
1921572
10044:
1443524
2179335
1641999
1084367
414171
1618140
2562136
2502874
2625427
2604177
1286332
136596
1643730
2605544
830051
2241622
421029
2202698
2053887
2399246
1453293
939013
182269
1213190
386568
1000554
123376
351076
2555414
380257
1777484
682084
1718433
346450
939871
569506
566918
1272486
406024
181502
2068190
728029
1302219
1696090
755723
471880
993472
1787938
36621
1293932
1974509
866430
2199443
1241337
2118726
177357
817664
595421
1110479
1279567
1563452
624343
325889
537600
10045:
2314434
10046:
1178866
803423
2506142
10047:
205729
827378
711436
1636386
193212
346924
1951856
743660
10048:
1590947
1367805
449591
1293456
1741802
2350428
1295702
10049:
1430873
555892
2082280
1005:
188792
239493
532649
172948
1375320
2262661
499648
1992424
2520684
202738
776836
786246
1492104
10050:
578168
498400
2540580
443256
763359
1619179
10051:
1992514
1444088
1181854
2640987
1637718
99993
2068042
2263492
42667
2183823
333589
1044758
2528820
1834032
974174
1296599
1595090
2096722
526154
1403360
2146083
10052:
256656
1205948
1748906
2018103
2597320
10053:
2498427
1424098
2346412
1603364
2245155
374663
417525
754005
474325
1518947
2181455
921472
512984
2641058
1782074
2205732
780136
1569985
2640042
1765813
1976224
652469
1712565
1521838
1808452
172291
1111395
1189934
1418575
959717
2070471
1731330
2455012
404156
22415
2155274
2018196
398215
700467
307168
2058077
1897417
884498
502067
1988672
2329133
2593690
654696
1615992
1716430
1180971
2324556
165745
1544780
1500196
814070
553335
1144699
2399472
210420
1740017
793327
2165004
194837
1447450
1234282
2170999
675886
10054:
1287459
2106757
1495930
1203103
1496895
656104
1123422
692590
240181
1728861
1501314
1502856
10055:
858554
404922
333277
2160155
218872
1096960
1916237
703706
2166546
1608757
1372898
2595083
476167
512484
285157
310249
1893955
1628517
394546
1199142
1228362
980738
240779
692943
320564
1485728
1070295
2046048
1755262
2619777
1950879
2456770
1475698
846505
205561
2077906
499003
1406565
2027693
1748906
2187995
700728
712778
2017966
224795
84218
2306758
1732558
2634044
244325
211664
1180237
578782
782382
841012
77954
1899671
116627
1189087
615643
1282499
874755
1430847
1175852
1637265
1842846
689610
452961
677023
2277087
1734783
1722344
286483
385653
232833
1724468
1500082
1050712
305836
10056:
1787873
1616351
935806
559484
1124592
2622415
1036019
10057:
287967
2030226
1602132
1594434
969182
1099833
10058:
1300105
2626413
10059:
962754
1006:
1004708
762076
1403722
1902516
2406158
2435695
1513947
2611526
632767
1640206
2036565
1160227
1248774
569435
1211238
1876964
286282
2558726
1406311
2385508
847471
1099321
1923690
2464105
135797
2497555
1191009
1875322
2328673
1679271
10060:
2205605
2487299
1224482
1885736
198094
521705
2473355
1539568
201780
10061:
2603559
1547800
2151013
129921
2351046
1880166
435536
1435041
72207
42623
2069538
324903
2437043
752507
2220920
1615526
2175791
2582764
492993
711675
476591
2614221
703594
2038901
2116224
1024554
747877
1273677
1232745
2259598
1074848
2306379
1541288
880471
2439237
2579439
1209609
1692688
1630054
510701
2004259
656005
551375
2374914
2344963
1985140
1837979
201896
1527380
1075798
1479888
723135
2091526
160936
391575
957170
939013
783252
1028975
1406976
784955
2648730
576600
2362194
786197
289009
770031
2103468
1387446
281344
2416451
1975589
1699740
1994755
2000674
1996245
546402
840306
1378509
848998
1458042
1305099
475676
1265308
1690831
1175356
1944582
447137
1643042
690106
804129
56515
1649714
177156
2618313
1225857
310904
446258
1291484
800563
2488811
673306
416453
2294599
1689758
1435512
1890583
1748322
1890329
219756
932993
1235827
91829
1302622
1589143
141483
457445
2105045
2248232
2326969
909041
1919294
1542307
1247398
2460414
1827197
1339354
1178380
2601942
2582123
139255
1575209
2267054
175935
1202577
2439077
914484
458842
1167614
2266201
2490543
1576126
2108469
306431
251179
592924
2615067
2000525
2587620
599094
461348
10062:
1084001
995737
10063:
2646124
1059193
2498639
2232100
846288
1891279
326040
2220804
1147138
477002
278598
1085817
1989258
1227162
10064:
66853
2242375
867948
10065:
2644587
1866984
311779
1022903
2245995
2030254
443483
848170
1615808
2543696
1973962
379292
1693955
337701
2489253
937678
2139616
517128
2150901
2092667
650570
1345167
2317837
1708462
1484075
2043181
579834
501340
210750
904331
1009543
1573062
704521
624813
1777165
1257571
10066:
1544919
1712360
964645
608114
1943448
10067:
1747200
212759
1678519
1025440
2400195
2331378
1715415
10068:
2169183
1200359
1477194
1861603
1516386
2217808
10069:
2140139
1555169
562543
1007:
95090
468346
84508
2202141
2383688
10070:
1611581
2116105
2126134
10071:
2278157
2608100
653321
461910
2509839
993168
347785
199585
968059
2469183
703853
945346
2199353
210214
2409797
314571
1816577
2284829
846392
1283406
2065735
10072:
1721684
948069
747395
1541854
2436553
2639141
152517
968466
852660
2332407
2149025
1985518
2563564
2436530
1568641
1045844
803093
1110245
809336
2091440
2640363
2613974
2227829
184077
2424227
504418
1824701
1056337
342854
1997031
2112651
1784778
1543077
2149554
2534017
512410
2247429
1185627
1168032
272211
1603497
1563172
1141163
539873
82243
1331942
1015971
2446058
339113
1957036
2550829
686487
786404
2523066
2036100
781293
265463
2215126
2046509
2256692
1327637
612163
1084225
63275
585989
1776577
445177
1695902
1322878
2202369
1656679
2011431
598595
2424941
10073:
855860
770122
2027058
166603
2524705
1027050
1842060
99477
1754430
1128682
2077354
569739
1064540
844651
285476
1762872
1566161
10074:
2008983
879596
165823
1606342
1152053
1056823
1810386
2236080
1520576
210601
343906
2265491
1443203
2022092
2535562
10075:
2646449
10076:
2272830
2624371
506736
1429578
2592263
1502898
453610
10077:
1707924
748800
1265934
454612
1274786
454878
302198
57012
600141
835474
1334873
598940
1498624
10078:
2620220
2028757
582862
2116134
1026616
269374
494658
1312224
2549758
2526970
750543
1348849
2239070
200387
831360
1511575
1277733
862584
1363161
157112
1005142
1517627
1362948
1484394
1369154
391799
1066271
1464365
61821
407828
2637925
1799269
1467880
2522590
1423199
1591786
1337074
1782462
2328544
2340228
1845829
98737
2525160
2087800
1666682
1165562
618603
1049221
994077
1368715
1661120
1555116
1506188
227703
1052469
1797293
1348754
2038186
1763857
376221
19641
504600
2371095
650898
2476368
1768815
1203316
733491
2598367
223660
666447
2465826
856134
2282989
1458894
1672647
2293485
327209
1138491
1616870
1876996
34764
373574
1885426
682566
1430590
2359760
1649398
154770
1511121
1994790
948524
2372527
2390409
1317760
1761437
2640070
1358401
2270767
560480
1980603
935078
1661357
166281
1477859
1364173
213865
459386
5668
1611752
903214
853058
1980398
351202
2548357
1718041
1600968
2171203
1839639
2110774
2612992
1855217
2185950
329442
2184389
1378539
2278778
1166444
313831
2267987
2503319
2341546
2057116
2372644
250595
1794406
542683
279187
189661
2501330
934625
10079:
917805
999532
2154688
399926
200206
210481
257648
1352799
44620
225449
1633162
2222433
1287249
539110
104258
2050996
1072799
1184502
1631358
1612760
2117566
1008:
32950
2518523
1733072
1619646
2620565
574670
124611
1968788
1791274
127088
355479
2397671
1014716
294890
1631646
489973
1827918
1955755
1691141
1245082
2020320
264360
336778
1468951
2567695
1296980
2387637
1027103
799650
2059956
1301605
1087747
1089037
2488249
9781
1927403
2276942
1695122
2258412
1614163
10080:
229220
1296825
934140
2518320
683880
1409611
2324522
1515269
650808
624334
1015960
181985
1658683
241712
477696
825966
835771
2452192
49429
1627837
1818887
1239426
1694860
921405
1042749
1121110
1953117
1308624
1344730
1361853
1238356
253707
1611693
1216933
2600588
1352887
457909
384781
1159110
1708857
2000071
2202242
354857
1487731
1837671
2633459
2360159
2100626
2029590
356410
2221143
342609
2246138
2456331
2409550
703131
1175506
505375
2027895
2216724
2425452
21212
1919510
966868
2291972
2209932
1865959
1351545
1689573
1135980
2284646
928192
1279382
768929
1588895
2360740
281979
564596
298669
767938
1053600
16477
870405
426066
534306
1463625
1022161
791621
2600419
2366251
1394815
413883
85082
1455730
2124228
1177965
1645243
1233631
1081832
2336349
59596
1879955
774369
1382862
1568541
443286
647171
1084071
2310468
1715756
607633
1550492
1697635
602785
292758
375995
623297
