10163:
1833284
807393
11209:
56069
930584
2496636
1773888
1390950
1907098
845912
466936
1976523
2345904
1924660
798159
2563123
1266666
1181925
1532812
23670
1880461
422262
1332268
2555795
1398015
332377
1734227
1006004
2381067
1143578
883825
1579220
2508065
2563771
321582
479987
1702468
1677172
1752073
1071313
807714
1153493
2169359
2436562
2604177
1353637
925005
1815697
1518157
1789619
186079
224547
592894
2537688
846150
461156
334365
205225
1207950
1355374
1441275
1536126
1492520
2204466
1586667
2620000
752597
1930716
1126844
354676
2177114
1584043
2474746
1256953
1082171
1491568
2331608
394777
515643
2026596
1669301
477736
2247734
1317671
1187038
1683893
2010088
719486
1266493
2066795
944159
2639380
2459621
372357
2226606
1875056
1530600
1423741
110693
1339689
2610305
2208014
2190922
508692
389161
2092244
511118
2355092
902837
2548531
2083575
2066262
1833269
2231441
440810
288310
995824
1391772
2065387
200713
1814835
53843
2418609
2165885
2222413
2300741
2524494
1497713
1217559
1641695
269739
2247306
1394370
1526969
1269100
2421426
2444528
39687
1975161
1303779
617431
2592143
795683
2643383
2556967
2305784
1667476
282316
36414
2126626
1978971
1526452
69977
2178840
400460
11302:
767972
1468829
512998
1810816
1442840
266320
973649
320412
599712
2594868
2640948
2015481
1683614
2550192
2430027
1681132
514611
240645
2165632
1598457
473317
297780
215586
1806235
440200
1800518
823894
825438
1942230
731483
11561:
612642
2483431
1499754
12672:
971666
188792
670873
1026389
2240287
1680458
768464
29762
510073
722466
315176
2333786
7951
600545
2391734
1337076
43174
1644054
3593
1083737
1954341
1498657
2368838
1756148
2378309
1028072
1611464
1043713
1595370
144375
293547
1675755
2221039
1302950
1486255
1633455
1676500
16992
2028895
808968
1181925
2476090
413225
602
442604
1435554
2343150
785559
1972504
2147622
1661389
378604
176703
1759082
74060
2592829
1155762
1497174
1171859
416694
2460765
2553111
1903842
143582
598950
425617
2463099
264399
1529531
700108
1522814
928219
1614185
2347646
1025784
2499488
1788468
725851
1921215
2208415
1132945
884594
463537
2034060
2224323
236470
2425870
2252993
420590
1496723
302335
1852540
1948321
1851413
1973344
1253030
1401979
2177206
1071792
1589167
2216594
459966
2509431
1704561
1817493
1022360
2124963
1868299
723822
667688
1377106
1713834
1107750
275932
1231913
2103103
1907573
2185412
205534
225780
1949287
1110585
578167
524731
1573533
796523
2232995
930073
2531049
2183611
222290
446697
2577871
1555823
2181485
1727532
2148942
371113
2546830
1831433
1144726
1008748
1578695
1381168
1715294
2451968
1072671
535274
1228350
1084246
2604408
1109118
832957
1818665
1692448
252099
200004
1902513
1218471
1779042
1155778
2053128
1171881
742976
883671
2172387
32719
1405517
427331
897829
743211
795315
2136068
573514
1788010
810033
767687
1951679
2352985
876356
1236666
416369
1877988
204283
2183152
911727
907827
1126335
2493758
1803799
1708546
981545
751268
673381
1687364
1345558
129312
1329393
2533268
1379143
2050378
1695855
1375597
2244566
483069
1688959
1042313
1748726
1071985
1232292
1320754
697098
1224482
2263816
1374308
1816398
463034
2118156
1726068
801669
2600968
1888713
1311293
989258
818634
302885
1607330
810905
1620111
336196
603178
1702313
2219087
1038135
1754500
1621807
577070
2525015
660020
834017
137453
1668924
539930
1660345
2311426
1653460
1303718
2155327
256976
2005948
1866561
2391101
429879
848232
1831001
1180523
811425
456465
2151592
1434225
709018
1763847
2078115
858025
146243
1834032
583357
683217
1587415
907176
2543671
1332216
1935867
2107267
567297
1231384
716590
1715809
2592722
1825477
1559055
1196391
2583976
267090
1133776
1818364
379624
2146301
1195318
1811503
698762
292430
2626181
2026647
1804127
904477
441868
1263788
843372
88784
1892749
630723
2451901
1019149
973162
1256065
1142194
2275398
240882
340940
1642710
1355677
1419901
671618
945382
1408360
1995019
260461
2029783
2643570
2032352
1676229
1515264
1893942
2463826
1132495
1485450
1171133
299859
1093376
1524287
1817238
2630980
787800
1164345
816043
1737772
978996
782540
497911
818823
2372639
2487559
1397977
788126
624511
1254846
943615
918259
2082109
1666038
2051518
1880064
1103925
2289602
2478955
1369458
685
1124637
1252234
1212009
1559526
773518
1208516
2600164
681463
1580773
1860615
2266722
155758
531425
321902
2120233
2563516
844417
1804509
2491726
2228983
1376712
245617
1745566
652230
2397095
723713
431275
1686334
1787757
139255
875330
276982
1474357
699864
210029
1729397
1258730
315749
1846828
2324733
2165815
1722384
2520633
2239702
2504876
1889020
1141347
2201159
924325
118069
763461
1054678
327893
2406294
792338
2083634
1215071
1748357
2012077
1086700
1177345
481547
664658
354775
2034252
1275063
2096792
1157390
2319080
747894
374758
518175
2206510
1121452
599837
42479
104105
2503502
2096692
1445647
1235028
224867
156933
2065071
2648386
2068648
2040048
1225085
2146400
673245
1482314
2379
1943868
1821284
198946
1336291
2601384
366284
1631513
2145430
1058831
1251392
13189:
658396
827478
2265465
1758505
89438
165374
1952860
2039575
2607957
841050
1030269
688018
1640277
755557
1255172
568757
982652
136232
820704
1353446
2646456
785596
1651432
1678071
1169319
1194467
1645159
2400640
1742654
432320
1481256
1813047
649993
2185704
1243729
1311485
1025484
470998
1358396
1093680
640747
2172295
2550944
2064861
532842
2564622
1678718
2365226
863782
1465967
13229:
580959
1479160
109639
39571
1218011
1956407
1323979
2287670
106012
1442730
101783
1668814
29737
678815
281040
112567
2461307
197811
2151256
2618582
556464
977564
2011903
1698154
1324135
664050
2347774
611176
2374089
2631040
856591
1379739
2263170
148415
1040815
1038814
13709:
263097
2234397
1470876
195761
1759756
1380989
263885
1286950
15121:
244045
1405343
1887182
2089525
2079952
16026:
301466
168:
1569545
1607102
1300793
263288
469607
2566794
294126
2144708
384799
2355557
1124451
1846387
2327743
2635011
992021
1883738
809460
2429116
1799013
2063884
567609
1836594
753725
337915
27434
603510
2580792
831272
2211931
2111017
1756183
909032
2008624
187256
610024
932500
1181221
37782
2492695
17046:
1805808
60272
1968002
2587393
9601
1041949
1410294
837288
17623:
725691
10100
584615
2045846
987827
1256706
2113888
1735031
692686
230265
1029760
257:
962864
2329125
887273
1421919
1967098
962487
558508
2229990
146028
1746464
484109
1041701
2030896
334813
1637341
2312992
433653
1672826
2335112
957575
858121
2049500
995127
553725
1269556
250927
1814344
1244914
1605788
2100087
2540240
1209622
131873
1100551
225544
605762
1686423
682811
235232
1190563
1528658
2549255
6678
1771345
1165045
659831
967063
345351
2283330
1630004
902532
315780
2133077
1355717
512295
488900
437246
246561
2625985
2054718
1102362
373105
1598233
2585047
2595728
2071971
1131392
216191
198638
1888186
458459
263818
1614636
1616866
1960633
282785
2335230
760250
1391554
2598093
858509
1897071
1624447
1548764
1491479
1846687
2146363
138531
949898
1546373
1428591
1270901
1097470
1009789
1767779
739511
461394
595294
2342760
933289
46133
1554061
1027080
1718077
1908187
342919
201426
442730
393514
649160
1044851
2170660
606284
1366272
1492594
954962
2122097
2449737
1246777
1750270
1739079
1765366
524566
313641
1823258
1450842
2118805
71020
162574
2277544
933692
872277
1148299
11765
411236
1151739
527821
1938304
1857989
813032
1975038
675669
1322747
1235876
48563
2507781
750257
292822
1936353
1808514
980939
2642383
1295362
1574760
82285
1826445
1049793
2196752
164575
744083
1219615
78143
2515059
553853
1709316
206367
1212584
1088913
698252
1101171
1143536
1221986
2596602
832277
1215808
2157779
2101854
1812977
102801
678080
229118
2222600
1469489
495877
1430681
98815
699179
155555
1600906
1761875
1571208
2050128
465327
1660849
1303390
979542
2253553
1032803
922127
1567618
638525
292127
2552646
348661
921213
330582
856015
1086447
913489
843414
137684
1334575
1299010
157937
1925000
1827989
2440852
847255
2331520
1622836
1283042
479588
466674
754972
848161
369566
2459517
909840
1656475
1381679
1756513
927302
341860
2023602
1712493
2171588
2443307
2149939
2172885
1688674
278678
230643
2343967
2385954
1548067
2607880
2418368
545670
1400457
1317850
1013841
2189022
2209830
1885290
487746
1475025
479282
1478897
1523108
1966221
2141053
679822
336784
96687
1127024
604715
1308883
937338
890342
2110435
309524
2240502
1550423
1992018
822051
40408
348271
1187507
1388681
2052656
974179
1442279
2622098
983906
1183374
1321405
1125919
1979421
282933
116
630811
517173
861030
1508042
1684539
1779490
1926890
1239201
1730
2443945
199008
1797383
1384767
2044892
2119509
2513447
1861248
758528
1306332
121060
1067296
2273283
1780520
75363
1567117
1461425
53794
2399097
1524018
1623377
1377467
2207308
2128516
1847607
2250233
853280
2353594
1284898
176300
1187267
597729
133353
590132
2242407
854176
288219
2543570
731635
2366930
722626
2174965
1292703
1103517
356910
1680612
1102167
2303793
148220
1225396
1584693
2640666
1046054
1287466
196938
2332712
1376873
1514744
962274
258280
2491226
2477261
1739851
2046411
2029403
388378
1208325
151539
2296989
846487
1317592
797617
42300
1048320
860736
1887544
1184525
1427423
1148217
2052284
2174081
316475
317066
411235
239139
2598687
641899
2269139
266290
354978
2320268
1195717
56859
2006805
1771827
2043805
1074314
16051
59817
483185
2366024
111999
1226698
1939469
2038808
2205805
19970
2308308
2592934
1501380
1276343
381795
2564142
1758473
1422772
2616868
655433
338386
1634562
1776917
357456
323255
1597972
750624
2576300
2610866
1311274
1514867
269620
570443
2043342
1817864
278943
1369262
986257
1075893
2451532
1638046
2189266
1014966
426328
349187
1119371
2050532
643544
1038138
233124
1122007
1007498
1865168
1501564
2132706
751172
1363145
1749795
245545
1376688
1284911
2246808
1472385
679545
2212713
82499
1181129
713096
221377
200726
2403811
485551
2332203
1701717
1617812
2530808
1295189
265895
140656
2346383
233730
505621
1481262
525955
976385
2030678
1025595
48022
1502273
156235
2484295
48093
1814118
511183
1159555
2204164
190279
1103079
1042246
1593337
216348
425889
1688954
1806229
832979
1097414
1606413
2035835
2054146
1073214
1648162
337915
902670
1561574
2202929
755275
151476
1225493
1358817
2575978
640558
929357
2529979
161195
999482
2646608
1375916
247550
619071
2055437
1295490
1174612
1281319
2603271
2387986
824674
1804758
219487
165600
1226971
1924585
1492307
439090
1213896
317743
276418
2320389
2598965
654445
2009582
397347
731539
1663522
2356365
1870526
479979
701375
216164
2620277
2489235
1903679
5117
495477
678911
2370848
2603405
818061
159336
412247
1431948
1947845
1057675
801321
2441862
2215260
2388243
152227
1522335
1816103
132326
979016
826342
1793415
1433135
588608
1119859
1508128
2515081
1395573
665654
1296306
1747983
617461
722523
1916131
2290901
1390607
2601006
762761
873264
1381894
127654
1008087
968699
1212744
1163769
577970
2035894
1750014
2033335
2248739
248496
2441034
554054
2636781
924204
1922047
1169552
2530614
1678496
225618
26733
2397971
22152
195641
1981651
2492147
880006
501494
1994031
867412
249960
1384334
1676026
2030286
2340907
1550708
276757
721554
2611864
1193919
927006
207672
724555
2601593
2401673
2115442
2128200
318597
1618124
136827
1926656
109408
155876
1427223
1407968
763937
1124677
1665181
1622047
1624455
2299730
1925011
1568543
2579665
1134590
2024221
568469
785910
949289
181364
1577268
531404
1839501
615061
719730
863214
47100
115859
2295981
1922490
554146
1653196
1663238
1698174
1921331
1161064
1184206
1866713
498489
2294365
179586
259692
1496430
1322924
1093796
581948
3994
1600316
1142480
717455
90711
895489
2200115
2520979
401738
1055248
443400
930394
454400
749708
1949947
934577
1202544
2224049
2466304
2080929
136455
1783814
54983
1909788
774741
201096
83781
2119531
2184389
2020734
634574
1356127
1241446
174148
2404298
2479637
1516695
2289268
2296057
1142826
1641875
2188936
1193130
1828436
670926
1715655
2443446
412240
2229342
1065660
2026856
1138739
349740
646944
1446612
64455
897106
873667
1875899
1226011
718396
1194123
979794
350903
992452
991567
2263022
2153512
1688544
64464
1858178
2397054
64644
1509424
647293
1420381
2632141
930855
1449643
1249467
669560
1978621
361014
593606
1184019
784939
1750709
1825144
585922
324405
1295698
2378461
1771494
801857
2310457
1149486
1584128
1787827
626987
1400969
1823915
2043603
1177427
1657904
1536663
2624513
2552701
1414531
1305625
999088
1409384
973130
1521161
674973
144086
2071819
1466003
1304100
587018
1440013
1132948
297482
1466219
2146108
350688
276108
58889
13017
2646468
326352
1305073
2418109
2442444
1702037
235891
389329
3001:
2534284
340330
2031559
974204
3030:
2508228
1474523
127010
611683
1902959
595011
1010945
72296
35017
942798
1920717
385772
2338375
364679
2119724
382956
883512
972883
536445
438533
1425525
1564047
2027274
697116
1007522
340448
2288028
1353745
2389236
667932
80412
911088
1595419
1384486
2629697
2064984
457713
2341487
1773302
2574827
136419
2570011
2226028
1735273
1485821
1034068
914857
1532422
526578
805460
665751
1917206
1839553
232816
1828971
724455
1147571
2648829
1505280
805379
8723
1530377
802403
1599376
15966
409213
1430286
682100
2358457
2580008
2112119
1182224
412182
946200
302887
603089
1913526
2421030
2405561
152387
1153356
152081
1465968
515090
2121142
2587209
2066511
2253274
1753887
2539967
1564809
600137
1544720
580750
1185071
495787
1194458
282373
3329:
1279731
189811
1667907
2143514
1927736
2481975
1886728
2443650
472308
813660
3597:
65847
1579340
1081310
2083116
828444
2519094
5059:
1763387
751312
843413
1329144
555395
691983
10906
2025340
625128
1163960
474160
789239
1749317
1191290
2550628
966712
1905695
1886585
2450942
872268
2129231
1474466
2408827
18091
2251695
1732307
556:
2141378
2649039
2199358
1826553
553078
823356
5600:
187051
1634372
1611166
2304670
514312
1329074
1024665
1556834
1970505
1066892
66668
611868
1618583
2120218
869959
838727
2342028
497323
385900
487026
1802028
758318
2111125
2431428
579133
1339040
529076
614711
2124978
1393327
330525
2392461
7257:
1951353
2620585
2004458
564451
104821
1565918
479424
2031601
1078329
1692798
2056385
1215080
925050
2124446
830467
2199566
7783:
2439052
157997
2335403
1966111
944339
9067:
622875
1876836
9440:
1716665
1852364
856915
1166527
1106127
2247333
91990
2205228
2015726
2117562
269000
112012
1121767
2094526
1186178
2153844
407271
2181794
2233791
1837680
1886175
2615725
1642926
2438140
2090284
1691319
2600224
2140593
86739
1745555
1597584
1941013
1585154
2625565
204930
1098907
2450582
2524817
2007821
530014
1837182
1007203
549393
1907413
648808
54226
924510
